/keylog/midi 144 60 72 1.001300
/keylog/oscp 144 60 0.006736 1.030209
/keylog/osca 144 60 0.000000 1.044069
/keylog/oscp 144 60 0.017098 1.046154
/keylog/oscp 144 60 0.036788 1.062925
/keylog/oscp 144 60 0.067876 1.082593
/keylog/oscp 144 60 0.106218 1.093850
/keylog/oscp 144 60 0.153886 1.109727
/keylog/oscp 144 60 0.210881 1.125948
/keylog/oscp 144 60 0.278238 1.142008
/keylog/oscp 144 60 0.354922 1.157911
/keylog/oscp 144 60 0.443005 1.175461
/keylog/oscp 144 60 0.537306 1.189884
/keylog/oscp 144 60 0.634715 1.205978
/keylog/oscp 144 60 0.750000 1.222018
/keylog/oscp 144 60 0.813990 1.237598
/keylog/oscp 144 60 0.884456 1.253218
/keylog/oscp 144 60 0.937306 1.269651
/keylog/oscp 144 60 0.973575 1.287036
/keylog/oscp 144 60 0.994301 1.302084
/keylog/oscp 144 60 1.000000 1.320041
/keylog/oscp 144 60 1.000000 1.334100
/keylog/oscp 144 60 1.000000 1.349644
/keylog/oscp 144 60 1.000000 1.366693
/keylog/oscp 144 60 1.000000 1.397513
/keylog/oscp 144 60 1.000000 1.415474
/keylog/oscp 144 60 1.000000 1.429322
/keylog/oscp 144 60 1.000000 1.509285
/keylog/oscp 144 60 1.000000 1.594914
/keylog/oscp 144 60 1.000000 1.653117
/keylog/oscp 144 60 1.000000 2.027099
/keylog/oscp 144 60 1.000000 2.037272
/keylog/oscp 144 60 1.000000 2.053258
/keylog/oscp 144 60 1.000000 2.069151
/keylog/oscp 144 60 0.999482 2.087037
/keylog/oscp 144 60 0.991192 2.106785
/keylog/oscp 144 60 0.981865 2.118344
/keylog/oscp 144 60 0.969430 2.134368
/keylog/oscp 144 60 0.954922 2.150588
/keylog/oscp 144 60 0.936269 2.165678
/keylog/oscp 144 60 0.916580 2.182076
/keylog/oscp 144 60 0.894819 2.197619
/keylog/oscp 144 60 0.873057 2.213606
/keylog/oscp 144 60 0.849223 2.229737
/keylog/oscp 144 60 0.827461 2.245474
/keylog/oscp 144 60 0.803627 2.261703
/keylog/oscp 144 60 0.779793 2.277529
/keylog/oscp 144 60 0.755959 2.293596
/misc/heartbeat 2.301123
/keylog/oscp 144 60 0.732124 2.312256
/keylog/oscp 144 60 0.707254 2.325654
/keylog/oscp 144 60 0.679275 2.341457
/keylog/oscp 144 60 0.652332 2.357625
/keylog/oscp 144 60 0.625389 2.373642
/keylog/oscp 144 60 0.597409 2.392644
/keylog/oscp 144 60 0.569430 2.406161
/keylog/oscp 144 60 0.541451 2.423911
/keylog/oscp 144 60 0.515544 2.439324
/keylog/oscp 144 60 0.488601 2.462084
/keylog/oscp 144 60 0.461658 2.471692
/keylog/oscp 144 60 0.437824 2.485746
/keylog/oscp 144 60 0.407772 2.501923
/keylog/oscp 144 60 0.383938 2.518245
/keylog/oscp 144 60 0.354922 2.534368
/keylog/oscp 144 60 0.331088 2.549962
/keylog/oscp 144 60 0.305181 2.565605
/keylog/oscp 144 60 0.279275 2.581626
/keylog/oscp 144 60 0.254404 2.598938
/keylog/oscp 144 60 0.229534 2.619309
/keylog/oscp 144 60 0.206736 2.629537
/keylog/oscp 144 60 0.183938 2.645592
/keylog/oscp 144 60 0.162176 2.661549
/keylog/oscp 144 60 0.140415 2.677640
/keylog/oscp 144 60 0.119689 2.693650
/keylog/oscp 144 60 0.101036 2.709699
/keylog/oscp 144 60 0.083420 2.725510
/keylog/oscp 144 60 0.067876 2.742109
/keylog/oscp 144 60 0.052332 2.757740
/mrp/keylog/intensity 15 72 0.986708 2.759188
/mrp/intensity 15 72 0.986708 2.759188
/keylog/oscp 144 60 0.038860 2.773486
/keylog/oscp 144 60 0.027461 2.789513
/keylog/oscp 144 60 0.017098 2.805919
/keylog/oscp 144 60 0.006736 2.824940
/keylog/oscp 144 60 0.000000 2.836704
/keylog/oscp 144 60 0.000000 2.852801
/keylog/oscp 144 60 0.000000 2.869148
/keylog/midi 144 60 0 2.870843