0.4784
0.1281
0.0067
0.3781
0.9824
1.2329
0.2456
0.2661
0.6284
0.1757
0.8176
0.5646
1.2612
0.4395
1.3085
0.3869
0.1892
1.8367
1.1165
0.8353
0.2209
1.1055
0.2226
0.4720
0.2773
0.6565
0.6929
1.8575
1.7766
1.5801
0.1489
0.8396
0.7934
0.8259
1.9479
0.4758
0.2172
1.6001
0.0896
1.9199
1.6033
1.9212
1.5315
1.2165
1.9781
1.1251
0.9918
0.5061
0.3919
0.9855
1.4218
1.9752
0.6692
0.4403
0.6906
0.1832
1.2632
0.7564
1.7747
0.8531
1.7815
0.4485
1.5939
1.7166
0.8542
1.1777
0.1834
0.5012
1.1875
1.0412
1.8281
1.3266
0.9993
1.2696
0.1727
0.0816
1.5031
0.6475
0.1330
1.8465
0.1087
0.1359
1.1471
0.8784
0.0547
0.0994
0.4771
0.2546
1.2607
0.9528
0.2200
0.8709
1.8038
1.1317
1.4613
1.9619
1.1764
1.0063
1.0632
1.2126
1.5286
1.2012
1.4452
0.8704
1.2930
0.3534
1.7530
0.5034
0.7130
0.6067
1.9355
0.3846
0.1957
1.3876
0.1920
0.3988
1.2141
1.4194
1.7811
1.2053
1.7249
1.3519
1.5700
1.0733
0.0089
0.3972
0.8774
1.1166
0.7703
1.2937
1.1713
1.5327
0.3493
1.0062
0.7653
1.9544
1.8722
1.7855
0.8871
1.5031
1.8188
0.7466
0.2326
1.0502
0.6823
1.6988
0.3725
0.4175
1.0609
0.1686
0.4815
1.2691
0.2222
1.2147
1.7795
0.9814
0.6270
1.5243
1.9091
1.2918
0.9706
0.8764
0.3728
0.8863
0.9762
1.7223
1.4329
1.2407
0.1795
0.2235
1.1512
0.9233
1.0909
0.0760
1.1586
1.2580
0.9639
0.3211
1.5088
1.5870
0.5827
1.0152
0.4760
0.3854
1.6174
0.1333
0.3917
1.9496
1.1502
1.1664
1.9000
0.2001
1.7575
1.7829
0.4281
0.3339
1.2923
0.3607
0.2331
0.7307
0.8048
0.1796
1.3675
1.0938
1.9719
0.4255
1.8380
1.3303
1.4870
0.7569
0.9495
0.2125
1.7676
0.8902
1.3365
1.4564
0.5713
1.1874
0.7411
1.5913
0.1471
1.9855
1.5521
0.0147
1.7779
1.7282
1.3952
1.7700
0.9313
0.7431
0.1660
1.9944
1.7397
0.0001
1.3600
1.3098
0.8236
0.9527
0.7765
0.9041
0.0535
0.8506
0.2116
0.0862
1.1122
1.2226
1.4777
0.5138
1.4525
1.4265
1.0075
1.7855
1.5588
0.9897
1.5230
1.3341
1.9562
0.2341
1.7386
1.1357
0.2403
1.9407
1.6799
0.1246
0.5561
0.8193
1.2536
1.8382
0.8303
1.4230
1.9417
0.8709
1.2708
1.8031
1.7432
0.2854
0.4012
1.2419
1.5501
0.4936
0.7389
0.6822
0.9128
0.3416
1.4912
0.1960
1.7805
0.1642
1.5630
1.6974
0.9018
1.2107
0.7089
1.5182
1.1789
1.2231
1.6863
0.9140
1.7656
0.9871
1.2457
1.1243
1.4433
1.0935
1.5689
0.8927
1.8238
0.1732
1.9979
1.4552
1.1168
0.2856
1.6753
1.4505
0.8348
0.5463
0.6294
1.1634
1.3787
1.7277
0.4217
1.0135
0.8501
0.4794
1.5150
1.5838
0.7718
0.6361
0.9619
0.5570
0.3161
0.7908
0.5709
0.4861
1.2850
1.9138
0.3727
1.8190
1.1375
0.3870
1.4085
1.3032
0.6638
1.0431
0.0495
0.0445
1.5970
0.2156
1.3776
1.5501
1.5830
1.4189
1.8931
0.5960
1.9916
1.1089
1.3122
1.8907
0.4493
1.9630
0.3412
1.8821
1.9139
0.3500
0.1086
0.5364
1.0920
1.5504
1.2075
0.6322
0.8667
1.6856
1.2523
0.5451
1.0291
1.7768
0.3486
1.6401
0.3624
0.1945
0.0626
0.0204
1.9349
1.7761
0.0994
1.3404
1.9532
0.4405
0.1681
0.7177
1.4664
1.2043
0.9027
1.8256
0.0064
1.0202
0.2889
1.0093
1.1364
1.2843
0.4139
0.6804
0.6549
1.2299
1.1824
1.3758
0.3329
1.3045
1.5373
0.7915
0.7925
1.3842
0.4753
1.8978
0.2715
1.0230
0.0829
0.6248
0.6435
1.8966
0.4147
0.9787
0.8894
1.6417
0.0350
1.5770
1.0816
0.0910
1.0277
0.8912
0.9827
1.3198
1.0107
1.4837
1.8877
1.5987
0.8755
0.1806
1.8671
0.7568
1.5178
1.6076
1.6085
1.1916
0.6500
1.4967
0.9529
1.0312
0.9602
0.8480
0.3520
0.5611
1.7553
1.7477
0.9792
1.2126
1.4354
0.2800
1.1661
0.3900
0.1267
0.1278
1.8797
1.0404
0.3002
1.2932
1.1676
0.6247
1.3443
0.7941
0.4390
0.4816
0.7728
0.0670
0.6934
1.1041
1.1169
0.1336
1.1639
0.9517
1.3239
1.5722
0.3801
1.9230
1.0701
1.8290
1.2913
0.3069
0.1044
0.0301
0.3927
1.0554
0.2953
0.1463
1.1097
1.9626
0.3257
0.3132
0.3273
0.1570
1.4368
0.8925
1.0202
1.2103
1.7661
0.2438
0.5805
0.1247
0.2871
0.1359
0.3702
1.5374
1.7954
1.0365
1.6893
0.4575
0.8567
0.7366
1.3921
1.8888
0.4358
1.5060
1.0397
1.5201
1.7617
0.4750
1.8794
0.0543
1.1230
1.7809
0.3340
0.8505
0.6538
1.1352
1.6540
0.7834
1.2427
1.9303
1.6569
1.6268
1.9102
0.3662
1.3409
1.4712
1.6391
1.3620
0.6601
0.0694
0.2404
0.5674
1.6765
1.8027
0.8999
1.9771
0.0676
1.7189
1.0571
1.9509
1.7544
0.3227
0.7068
0.1160
0.8882
0.8822
0.6534
1.8288
0.9891
1.4205
1.3293
1.6636
0.5161
1.5385
0.8211
0.1113
1.7413
1.9446
0.2340
1.0166
1.5111
0.2200
0.0677
0.8822
0.2596
1.9432
1.8803
1.8662
1.9675
1.3861
1.4050
0.7426
0.1282
0.8869
1.0860
1.0803
1.5726
1.2028
1.8940
1.2624
1.7577
0.2454
1.6271
1.9552
0.4625
1.8255
1.3527
1.4501
1.3716
1.5934
1.0593
1.5093
1.0071
1.8141
0.2472
1.7045
0.3501
1.5283
0.9187
1.2121
0.7281
0.8039
1.4601
1.9103
1.7576
1.2195
1.9355
1.2683
1.5545
1.7970
0.4531
0.2025
1.6565
0.8489
1.4542
1.8735
0.5931
0.6244
1.0994
1.1052
1.2808
1.1933
0.3223
0.8358
0.7381
0.1605
0.4726
1.9887
1.8186
1.5816
0.2703
1.1007
0.1077
1.3531
1.6446
1.8228
0.2944
0.6097
1.5597
0.9745
1.0983
1.7564
1.9766
0.0383
0.7026
1.0693
1.4956
1.9400
1.3903
0.5465
1.9023
1.8153
0.9148
1.4663
1.1165
1.9878
0.7786
1.7634
1.7865
0.7720
1.4551
1.8253
1.8083
0.1629
0.0667
1.1448
0.0186
0.3967
0.0414
1.5845
0.3817
1.9042
1.5405
1.6331
0.8521
0.6004
1.3606
1.7170
1.7436
1.7941
1.6872
0.9703
0.9771
0.1307
0.9140
1.1911
0.2202
0.6876
0.5281
1.1604
0.8708
0.8302
0.1084
0.5194
0.4884
1.4182
1.3177
0.2384
0.2584
0.1559
1.4705
1.1123
1.6687
0.2122
0.5131
0.1082
1.3131
0.5549
1.4183
0.2606
1.0480
0.0918
0.2026
0.9379
1.4213
1.2027
0.4098
1.2376
1.3983
0.6297
1.6096
0.3560
0.4826
1.1895
1.7365
1.6373
1.1802
0.0046
1.8891
1.5850
0.7987
1.7469
1.3488
0.4847
0.3369
1.7222
0.6533
0.6503
0.8003
1.5270
0.3281
1.3766
1.2866
1.6427
0.7571
0.2238
1.7190
1.4264
1.1500
1.4823
1.5073
1.1102
1.6018
1.3407
1.0702
1.3719
1.9104
1.2555
1.6383
0.3779
1.5030
0.4432
0.8329
1.5817
0.7999
0.0902
0.4021
0.0857
1.2783
0.5035
0.8398
0.3437
1.7689
0.6820
0.4102
1.5908
0.0489
0.0796
1.0596
1.8667
1.2044
1.2024
1.2877
1.8439
0.4385
1.7698
0.0976
1.6241
0.0652
0.8301
1.1893
0.3936
1.5922
0.4220
0.3488
1.2277
1.8821
1.3231
0.4298
1.8272
0.7604
0.0700
0.4547
1.8138
1.7380
1.1649
1.1216
0.0022
0.2537
0.4293
1.6536
0.7752
0.6362
0.5236
0.5930
0.8564
0.3848
1.1350
1.3153
1.3712
0.7075
1.9136
0.4875
1.4965
0.7805
1.6895
0.7440
1.4152
0.6913
1.7543
1.5011
0.8689
0.8013
0.7459
0.8865
0.7606
0.1454
0.8806
1.2131
0.6096
0.8133
0.2020
0.9538
0.5848
0.0326
1.7688
0.4206
1.3673
0.3088
1.9486
1.0053
1.7828
1.4530
0.9944
1.2144
0.6986
1.0524
1.5938
0.5474
0.5854
0.6963
1.7519
0.1866
0.4134
0.6055
0.7030
1.4535
1.7727
0.1039
0.1571
0.0290
0.3867
0.0526
0.9375
0.4868
1.8398
1.4317
0.9773
0.1561
1.0601
1.3321
1.2154
0.8391
0.2216
1.6332
0.4986
1.0184
1.6083
1.0197
0.6054
1.7239
0.1148
1.4615
1.8018
0.9281
0.9387
0.3076
1.9236
1.7525
0.9773
0.8142
0.2532
1.8509
0.0112
0.3728
0.6481
0.1004
0.2891
1.4587
0.9646
0.6761
0.4735
0.9017
0.3709
0.6485
0.5279
1.6602
1.3927
0.6671
1.1605
0.5757
0.5279
0.5198
1.3542
1.0397
0.1535
0.1117
0.5175
0.8799
0.5686
1.3575
1.8992
1.5479
1.2723
1.5072
1.4936
1.1721
1.5461
0.7850
1.2106
0.4949
0.5804
0.0387
0.6946
0.2836
0.8231
0.3061
1.6580
1.4784
0.1977
1.6413
0.4542
0.2139
1.3256
1.9092
1.6291
1.2465
0.6565
0.5547
0.8688
0.7006
1.7555
0.0123
1.3929
0.6761
0.6100
1.2962
1.8423
1.7861
1.9944
0.1458
0.2592
1.9631
0.1805
1.3723
1.8579
0.2836
1.7688
0.0395
0.6854
0.4766
1.9691
1.6932
1.5890
1.8006
1.5602
1.6730
0.6422
1.4855
1.3290
0.5784
0.6747
1.8173
0.0645
1.3927
0.4175
1.6483
0.4365
0.1993
1.2390
0.2076
1.5981
1.8059
0.6250
0.5632
0.0136
0.9917
1.9770
1.4759
0.6214
1.2008
1.5634
0.2231
1.1587
1.7407
1.3796
0.4859
0.6854
1.0909
0.1351
0.8209
0.4750
0.9779
1.6121
0.7557
1.0360
0.1892
1.8182
0.4153
0.7641
1.3206
1.5167
0.3461
1.0348
1.9907
1.4152
0.1611
0.0866
0.9823
0.8932
0.9736
0.3318
0.7213
1.7614
1.4887
0.8335
1.8147
0.1886
0.3627
1.8932
0.2017
0.7761
0.5784
0.1462
0.3892
0.8350
0.5859
1.4043
0.4794
1.9190
0.6109
0.3098
1.1110
1.5811
0.8877
1.9916
0.8732
0.6089
0.4930
1.9217
0.4458
0.7912
0.4490
0.5400
0.8369
1.9955
1.8221
1.1009
1.1927
0.1583
1.1533
1.7963
0.9266
0.7968
0.2089
1.3045
1.9834
1.3561
0.8570
1.3096
1.1775
1.4901
1.2817
1.0074
1.8761
1.2107
1.2778
1.4053
1.7219
0.7593
1.4242
1.0470
0.7270
0.8694
1.3752
0.4537
1.9580
1.9513
0.5790
0.6769
1.9929
1.5779
1.5898
1.2647
1.6229
0.8962
1.6612
0.2533
1.0265
1.4319
0.4963
1.0638
0.7644
1.6035
1.3417
1.9657
1.8736
1.1525
0.1604
0.8276
0.3617
1.9913
1.0408
1.7706
1.2965
0.9325
0.1906
1.9356
1.2402
0.3120
0.7967
1.7650
1.0780
1.0874
0.8849
0.3675
0.4985
0.5702
1.0590
1.1197
0.8303
1.8114
0.6103
1.2995
0.5776
0.5105
0.7164
1.6118
1.0779
1.1801
0.4623
0.2039
1.2893
1.9603
0.2034
0.3757
0.0188
1.6766
0.9627
0.9371
1.8171
0.8343
1.0883
1.3980
0.1581
1.0188
0.9738
1.7118
1.2288
0.2348
1.2137
0.3284
0.7981
1.0647
1.7504
1.3181
1.5753
0.2521
1.0499
1.7990
0.2182
1.2691
0.1617
0.8225
1.4253
0.2008
1.6199
1.2756
1.7961
1.2436
0.8292
1.2951
0.9785
0.1875
1.2746
1.9005
0.9528
1.2056
1.1830
0.4505
1.3369
0.3131
1.5485
0.4261
0.3382
1.4515
0.5124
0.3255
1.2516
0.5015
0.5260
1.6879
0.7948
0.2092
0.3877
0.7261
1.7491
1.1995
0.5162
0.7169
1.7751
1.8011
0.8959
0.5377
1.1076
0.3577
1.7194
0.4640
0.3362
0.0534
0.6449
1.1103
1.6491
1.6085
0.0488
0.7430
0.9837
0.9321
0.0834
1.2340
1.1561
0.5976
0.8713
0.2733
0.5994
1.5227
0.0706
0.5390
1.9925
0.8939
0.3056
1.7725
0.0628
0.2321
0.5017
1.5193
1.7966
0.4468
1.3466
1.6376
1.8979
1.7486
0.7875
1.8739
0.8738
0.3250
0.6196
1.3622
1.8681
1.8948
1.1982
1.8977
0.8080
0.0821
0.5877
0.0639
1.7290
0.8651
0.1856
0.2756
0.4839
0.4460
1.7355
1.5284
0.6894
0.7696
1.1897
1.0702
0.6671
1.7094
0.5313
1.8679
0.7797
1.3661
0.5500
0.0559
1.8812
1.0679
1.3423
1.2151
1.5017
1.9626
1.4553
1.7146
1.9837
1.5189
0.2921
0.6526
0.0576
1.3891
1.9175
1.4581
1.4735
0.3492
0.7108
1.1493
0.9199
1.6674
1.6309
0.6479
0.9234
1.3479
1.1905
0.2688
0.0390
0.2502
0.4466
0.8983
1.0691
1.9808
1.4347
1.9601
0.1075
1.2737
1.9208
0.5398
1.8988
1.8045
0.3893
1.4679
0.3497
0.2103
0.6282
0.6975
0.7979
0.5678
0.6278
1.4366
1.8893
0.1756
0.5591
1.1923
1.6569
1.5643
1.1145
0.0726
1.3387
1.6980
0.1309
0.7215
0.5161
0.8652
0.6121
1.9332
0.2599
0.4349
1.7868
1.2434
0.7963
0.7122
1.2931
1.4662
1.4634
1.9164
0.0919
0.8487
0.0180
1.4076
1.5618
1.1297
0.0466
0.0151
1.9779
0.4033
1.6467
0.7219
0.9225
0.2201
1.5625
0.9069
0.5942
0.7168
0.9649
0.8624
1.3976
1.3501
0.0137
0.1580
0.9213
1.5551
1.6335
1.2628
0.7298
1.7750
0.5019
0.1322
1.4543
1.5336
1.7967
1.5337
1.8938
1.0715
1.9196
1.9564
1.0442
1.6907
1.7961
1.8625
0.9153
1.5183
1.8776
1.6214
1.8608
0.8939
1.6678
1.9756
0.7393
0.3415
1.6463
1.1741
1.9232
0.9783
0.5070
1.3564
1.8290
1.2341
0.6450
0.9810
0.8149
0.1679
1.1839
1.7580
1.1066
0.5989
1.7940
1.5886
1.5516
1.1979
1.1144
0.5994
1.0953
1.9837
0.9668
1.3695
0.9600
1.4930
0.4228
0.4970
0.1957
1.4173
1.7115
1.5781
1.4857
0.2090
1.0417
1.6933
1.6872
0.7555
0.5442
0.2506
1.3827
1.1103
0.0169
0.8321
0.8782
1.5687
1.6600
1.1792
0.2841
1.1866
1.4524
0.8568
0.4216
0.5308
1.9864
0.9615
1.6555
1.2065
1.6357
1.9111
1.3008
1.2553
1.2931
0.1243
1.8764
1.7974
1.3897
0.6208
0.6871
0.1525
1.0397
1.2176
1.4543
0.0001
0.3395
0.9266
0.7237
1.9041
1.8644
1.9161
0.4131
0.3194
1.1435
1.1858
1.3972
0.6116
0.7877
0.6738
0.2580
0.1739
1.0979
0.6355
1.9855
1.4471
1.1442
1.4345
1.9531
0.8540
1.8260
1.7946
1.6705
0.0959
0.7186
0.5915
1.2583
0.2724
0.7481
1.7296
0.5005
0.0590
1.9989
1.2103
0.4884
0.8764
1.4702
1.1160
0.8767
1.2071
0.3620
1.6176
1.6381
0.9745
1.5101
0.8087
1.4514
0.3080
1.0181
1.3361
0.3052
0.1254
0.6742
0.8919
1.5153
0.2611
1.8030
0.4407
0.7571
0.8455
1.9454
0.3540
1.7646
1.1025
0.6430
1.7997
1.0842
0.9258
1.6159
0.7216
1.9420
1.1110
1.5396
1.3602
0.4104
1.6692
1.7309
0.0830
1.2284
0.5466
1.4934
0.9757
1.5848
1.0489
1.1950
0.4401
0.7280
0.5945
1.7032
1.9474
1.2472
1.7846
1.9618
1.2940
1.5976
0.8097
0.9647
0.1278
1.6059
0.7021
1.6985
1.9836
0.9686
0.7127
0.1087
1.8282
1.4099
0.8762
1.9362
1.4476
1.3136
1.0295
1.7541
0.1203
0.9430
0.6220
0.3894
0.3021
1.8028
0.1413
1.9168
1.3998
0.0240
0.0098
1.7066
0.9346
1.6734
0.4412
1.6119
0.4972
1.9965
1.8758
1.1079
1.8254
1.2710
1.5602
1.1344
0.3835
1.8125
1.0297
1.9980
0.7547
0.4122
1.4599
0.6269
0.2352
1.7772
1.3862
1.8798
0.8343
1.6315
1.6097
0.7208
1.8276
0.5766
0.3300
0.9117
0.4856
0.0038
1.2307
1.3225
1.3207
1.3610
1.7013
0.0746
1.3616
1.1423
1.3804
1.7911
0.5337
0.1371
0.6272
1.5784
0.9967
0.8741
0.3368
0.5291
1.3678
1.6333
1.4110
1.1531
1.9881
0.9224
0.9867
0.5479
1.3102
0.8141
0.5999
1.2109
1.5823
1.9418
1.5468
1.2000
0.8981
0.3069
0.4225
1.4007
1.9124
1.2709
1.7825
0.4326
1.3671
0.6301
0.0508
1.6405
0.8653
0.1774
1.8702
0.7816
1.1759
0.4797
1.3071
0.7331
0.9625
0.8034
0.6676
0.5352
1.5357
0.4808
1.9226
1.8471
0.5485
0.4466
0.5042
0.4940
0.4792
0.8565
1.6519
1.2344
0.3877
1.6162
1.9713
0.2972
1.7061
0.4772
0.8339
0.6448
0.8681
0.6548
0.1979
1.3423
0.0987
0.4020
0.9983
0.5508
0.8392
1.1940
0.0983
1.7734
1.7166
0.1701
0.3548
0.0268
1.1800
1.4157
1.5178
0.4279
1.9323
0.9688
0.1249
0.3569
0.6765
1.7610
0.0854
0.7108
1.2815
1.6558
0.0892
1.5817
0.1023
0.5929
0.5443
1.8269
1.2109
1.0044
1.4732
0.2242
1.7690
1.0591
0.0110
0.3257
0.5247
0.0777
1.3641
0.0564
0.9999
0.9614
0.5571
1.1810
0.5748
1.8399
0.0121
1.1291
0.7374
0.7427
0.0424
1.3745
1.1091
1.5309
1.5827
0.4931
0.3996
0.7339
1.4391
0.2507
0.8598
0.0327
0.1420
1.4206
1.6059
1.8204
1.8242
1.2591
0.2630
0.1243
1.5551
1.4843
1.2519
1.4582
0.4060
1.5900
1.9491
0.8403
0.4914
0.9602
1.3379
1.7048
1.8906
0.2575
1.3933
0.1602
0.2071
0.2624
1.0301
0.9636
0.8918
1.5964
1.0579
1.3377
0.9667
0.6654
0.5176
1.9474
0.5287
1.5799
0.9941
0.6416
1.2326
0.0138
0.1259
1.8400
1.8123
1.6631
1.8273
1.3583
1.5541
1.3873
0.3977
0.9048
1.5778
0.0038
1.1112
0.8665
0.1168
0.8839
1.6792
1.2365
1.4832
1.8713
0.6506
1.4920
1.7458
0.8666
1.0431
1.3053
0.9380
0.3666
0.4520
0.8239
0.0306
1.5013
0.1242
0.8634
1.0856
1.2203
0.8725
0.1621
0.5679
0.1465
1.4600
0.6928
1.3044
0.9635
0.7652
0.6538
0.2061
0.7408
0.7549
0.9636
1.5912
1.3828
1.6996
1.0246
1.7101
0.9309
0.5297
1.2590
1.1255
1.0823
0.7866
0.8409
0.2742
0.5844
0.0146
1.8654
1.2185
1.7837
0.8416
0.8004
1.1079
1.1925
1.0126
1.1744
0.2656
1.5232
1.3023
0.7022
0.6252
0.5485
0.2991
0.6687
1.6661
0.4672
0.1385
0.9895
0.2443
0.8052
0.1824
1.4411
0.6847
1.1326
1.3090
1.3050
1.4017
0.6022
0.1709
1.2669
0.5329
1.7885
0.6005
1.4301
0.6607
0.7297
1.1847
1.8104
0.5291
1.8997
1.4775
0.0089
1.7015
1.3911
1.1249
0.6754
0.6656
0.1546
0.9166
1.3144
1.1439
0.8042
1.8694
0.7211
1.8954
0.0602
0.8822
1.4014
1.4060
1.0203
1.2245
1.4927
1.6029
0.6734
1.1282
1.7105
1.1783
1.0165
1.7069
1.3676
0.2127
1.0039
0.0383
0.8852
1.8144
0.0893
1.8904
0.3608
0.7398
0.4105
0.1912
0.8655
0.5551
0.2017
0.9978
0.4781
0.6992
1.1165
1.0961
0.8425
0.7710
0.7613
0.5615
0.3598
0.2546
0.0314
1.5062
1.0099
1.4442
1.5222
0.5379
0.3872
0.1283
0.8507
1.4043
1.9546
1.1032
0.0876
1.1643
0.5568
1.0844
0.8866
0.2344
0.7599
1.5297
1.8367
1.3854
1.9412
0.2523
1.2928
0.7737
1.1247
0.3967
0.7879
0.6805
0.7130
0.7461
0.2307
1.0024
1.6338
0.6870
0.9971
0.2360
1.1510
1.0309
0.7106
1.7267
0.6880
0.9138
0.4762
1.5423
0.5468
1.0500
1.0622
1.7468
1.8752
0.0974
1.9577
1.2647
0.1453
0.4236
0.7198
0.8534
1.5163
1.8315
1.2595
1.9118
1.5102
1.0522
1.7002
1.6321
0.2643
1.5214
1.2345
0.7953
1.6825
0.0766
0.1924
1.8962
0.7920
1.0645
1.8073
0.6801
1.3278
1.4547
0.4460
1.1109
0.9105
1.2205
1.0880
1.0367
0.5721
1.7580
1.8731
1.6124
1.9382
1.0485
0.2257
1.3005
0.3818
1.7139
1.8857
0.2069
0.5929
1.5981
0.8834
0.9850
0.0590
1.1453
1.1449
1.4834
0.1532
1.5743
0.3870
1.0619
1.8483
1.9721
1.9506
0.6095
1.5073
0.4127
1.7228
1.3157
0.2044
1.1609
1.9270
1.6897
1.5062
1.4061
0.4932
0.0799
0.9242
0.2347
0.3232
0.8395
1.3322
1.9463
0.5593
1.0628
1.8614
0.3333
1.5785
0.2059
1.7672
1.0445
1.9483
1.5122
1.4451
0.0052
0.4112
0.5207
0.1599
1.4707
1.6453
0.6868
0.2723
1.3318
1.6609
1.3472
0.2789
0.7577
1.3567
1.0319
1.9561
0.5354
1.7338
0.7475
0.2733
0.1654
1.4776
0.7441
0.7610
0.6043
0.5891
0.5196
0.9270
1.9757
0.7702
1.8865
0.3340
1.8500
1.5087
1.7132
1.2048
0.2147
0.9109
1.3092
0.1151
0.0425
0.5796
1.8630
1.0280
1.7506
0.7562
1.7690
1.0695
1.7852
0.2055
0.4241
1.4032
0.7227
0.0028
0.7686
0.6403
0.7867
0.3625
0.4188
1.1874
1.1889
0.3449
1.8660
0.1124
0.4034
1.0165
1.5184
0.2921
1.8621
0.8439
0.1130
1.3484
0.5596
1.5602
1.9257
1.3765
0.9968
0.1981
0.5755
1.0762
0.0227
0.5657
1.1791
0.3441
0.3402
1.3527
1.1392
1.1033
1.9349
1.2568
0.6491
1.0420
1.7299
1.9882
1.6770
0.6948
1.4988
1.8788
1.3362
0.9624
0.5723
1.1903
0.6728
1.9191
0.8842
1.9240
1.3528
1.4122
1.9154
1.8798
1.6675
0.3105
1.6609
0.9283
0.5974
1.0466
1.6633
1.0783
0.5197
0.7081
0.3735
0.7013
0.3794
1.6714
0.7683
0.0190
0.6180
1.6735
0.5627
1.5627
1.0630
0.3078
1.0505
0.5665
1.4297
1.4688
0.8993
0.3642
0.2711
0.5455
1.2713
1.6124
1.3358
0.5732
0.2849
0.4918
1.3838
0.1435
0.9973
1.9720
1.8098
1.1504
1.5330
1.4935
1.3907
1.3546
0.5648
1.1637
1.2377
1.6285
0.0320
0.4287
1.9757
1.6347
1.2642
1.3643
1.6164
0.5593
1.3299
0.0586
1.0888
1.0579
1.7463
0.3752
1.8629
1.9527
0.6624
1.2474
1.0541
0.9182
0.7171
0.6685
0.1664
0.7808
0.4787
0.9725
1.4002
0.2745
1.6529
1.8601
1.6575
0.9699
1.3195
0.9128
0.8369
0.0686
1.8537
0.0868
0.9521
0.7715
1.0681
1.9963
1.8049
0.0295
1.5610
0.9706
0.7804
1.6462
1.7488
1.9967
0.3913
1.7399
0.6150
0.8225
1.6327
0.7365
0.8524
0.1824
1.3350
1.4626
0.6016
0.6760
1.4686
1.9709
1.3975
0.1799
0.9415
1.2707
1.0505
0.2827
0.5510
1.9742
1.5900
1.8667
0.6967
0.4183
1.3607
0.7108
0.8767
1.8176
1.6672
0.7828
1.4680
0.5813
0.5843
0.5936
0.0497
1.8357
1.3721
0.4686
0.9947
1.5812
0.7605
0.4372
1.4453
1.5457
1.3866
1.2393
1.5246
1.0230
0.6588
0.0027
1.1613
0.3437
0.3898
0.3006
1.0108
0.0348
0.9424
0.0922
0.8845
0.3271
1.1442
1.6366
0.1707
0.4657
0.4921
0.7039
0.8182
0.2285
0.8144
1.3519
1.0860
0.7143
1.3232
1.3574
0.2631
0.8792
1.8744
1.1404
1.1553
1.5292
0.4939
1.3877
0.5897
1.1414
1.2696
0.7978
0.4978
1.8707
0.8978
1.0636
1.2697
1.3362
0.8780
0.3460
1.3888
1.8499
0.7412
1.2776
1.7794
0.9659
1.2596
0.9300
0.2183
0.2262
0.2158
0.8915
1.8777
1.2676
1.8593
0.1258
0.6139
1.8995
0.0207
0.3357
1.5105
1.6676
1.2117
1.0358
1.8857
1.4824
1.4022
1.4894
1.7477
1.9282
1.9638
1.8373
0.5670
0.1173
1.6420
0.3590
0.0699
1.5427
1.0811
0.6631
1.1564
1.7090
1.2848
0.8402
1.0918
0.3646
0.4725
0.4108
0.5194
1.8853
1.2831
1.6581
0.7775
0.3368
1.4802
1.7456
0.7110
0.3577
1.9928
1.9183
0.3120
1.8579
0.8491
0.4462
0.2728
0.5204
1.0889
0.1644
1.1963
0.0584
0.9098
0.6650
1.8873
0.6062
0.8564
1.3221
0.7622
0.2723
0.1933
0.6103
1.6478
1.2545
0.4119
1.9604
0.8755
1.6704
1.0784
0.0503
0.0136
1.5722
0.8948
0.5775
1.7264
1.3125
0.5694
1.2891
0.5272
0.3496
0.7372
1.0751
1.8528
1.4982
0.2955
0.0058
0.2540
1.8338
1.3442
0.2276
1.9205
0.2388
0.9848
0.7226
0.9400
0.1176
0.6600
0.5290
0.4918
1.8954
0.0649
1.8123
0.7370
1.3251
1.9072
0.1883
1.3706
0.8249
0.2236
0.9837
0.9231
1.7541
1.3205
0.5559
1.3143
1.2908
1.7944
1.7647
0.6703
0.8540
1.6075
1.8462
1.7334
0.9993
1.1690
1.8495
0.3322
0.7487
0.5188
1.6610
0.1404
0.5621
1.1101
1.2379
0.8196
0.5169
0.8335
0.7641
0.1927
0.2626
1.2198
1.3124
1.6820
0.9996
0.6144
0.3395
0.0975
0.4516
0.7339
1.1357
1.1394
1.5576
1.1805
0.2213
1.2814
0.1440
0.7317
0.5746
1.4829
0.1340
1.5143
0.4814
0.4618
0.0240
0.2649
0.4188
0.4284
1.8116
0.5555
0.1942
1.5656
1.3350
1.2253
0.6876
1.3807
0.4671
0.6161
0.7146
0.4334
1.3546
1.4720
0.0200
0.7118
0.4799
1.8552
1.5260
0.7588
1.3719
1.3977
1.1808
1.9241
1.5627
1.0769
0.1883
1.7720
0.5150
0.9270
0.6616
1.5135
1.6057
1.6062
1.7533
0.1749
1.3358
1.0048
0.6711
1.1771
0.7039
0.4134
0.5243
0.1973
0.3001
0.6420
1.1888
0.3075
0.1253
0.0156
1.5485
1.3641
0.2410
1.4385
0.3237
0.2403
1.3623
0.2897
0.1157
0.2699
0.0296
0.3782
0.1417
0.0757
0.6157
1.0315
0.7870
1.9904
0.8792
0.3029
1.5561
1.4823
0.1753
0.9409
0.5857
0.8137
0.8605
1.7425
1.4145
0.0286
0.0492
0.4740
1.1965
1.8524
0.6688
0.8861
0.1983
1.4303
1.4433
1.5649
1.8841
0.0951
1.6007
0.9336
0.5583
0.0894
1.5751
1.7982
1.5514
1.6749
0.6888
0.3824
0.7569
0.5127
0.0429
0.5866
0.4808
0.4052
0.6964
1.0743
0.2486
0.3855
0.9772
0.8140
1.4698
0.5998
1.6143
1.8273
1.5302
0.6684
1.4387
0.0672
1.2312
0.2244
0.1012
0.1104
0.0524
1.9109
1.0504
1.5125
1.1796
1.4778
0.6388
1.6963
0.9873
0.2297
1.6245
1.3337
0.7636
1.4376
0.8373
0.1119
1.1700
0.5977
0.8191
1.1722
0.6312
0.2947
1.9831
0.2150
0.6685
0.0759
1.8448
0.7463
1.9783
1.0869
1.1266
0.3758
0.4310
0.9706
0.4390
1.8737
0.5552
1.9062
1.6299
0.6992
0.0432
0.6820
0.7688
0.1866
1.9385
0.3801
0.3292
1.0141
1.0165
0.1030
0.7340
1.1696
1.9895
0.8703
1.3920
0.0330
0.3051
1.7991
0.0928
0.0587
1.1489
0.6808
0.4386
1.8080
1.3662
0.7433
0.8022
0.4099
0.4754
1.7687
1.8425
1.5633
0.4838
1.1672
0.4037
0.2541
1.3753
1.8215
1.5019
1.6458
0.4502
0.7735
0.8374
1.8716
0.2111
1.0626
1.2424
0.5607
0.3955
0.8168
0.7252
0.3238
1.7871
0.8810
1.3406
0.4209
0.9423
0.0998
0.9919
0.5394
1.3683
1.4960
0.7833
1.1177
1.4645
1.2232
1.1625
0.1412
0.7485
0.0672
0.8123
1.3159
1.1505
1.9519
0.8833
1.5557
1.1389
0.0422
1.0245
0.8151
0.4397
0.4609
0.8771
1.8398
0.6381
0.5687
0.7276
0.9986
1.6270
0.4696
0.0445
0.6022
0.5961
1.6519
0.2728
1.6292
1.7222
1.1059
0.0371
1.0156
1.4273
1.3955
1.7869
1.4024
1.8746
0.0218
1.6395
0.0685
1.0323
1.3067
1.5083
0.5600
1.2061
1.7776
1.2865
1.5721
0.9823
0.8069
1.7549
1.4164
1.6530
0.0213
0.1911
1.0866
1.7124
0.5287
1.5511
1.2758
1.4501
1.7893
1.5360
0.4137
0.0866
0.3071
1.4366
0.2573
0.4416
0.9071
0.9305
0.1796
1.0135
0.1530
0.3330
1.4954
0.6691
0.6101
1.6378
1.9641
1.9379
1.1532
0.4670
0.5842
1.3475
1.1475
0.3994
1.9164
0.6723
0.2993
0.6568
0.2262
1.5438
1.5851
1.1741
0.1584
0.3858
1.5508
0.7068
1.6779
0.2678
1.3963
0.3807
0.7936
0.6779
1.8454
1.6768
1.2590
1.7310
0.4326
0.1298
1.3560
1.0702
1.0347
0.5114
1.7057
1.6464
0.0331
0.9494
1.8882
0.9172
1.6999
1.0711
0.8682
0.0489
1.0087
1.7530
1.8165
0.5704
0.2654
0.0003
0.6359
1.0602
1.6584
1.3472
1.8260
1.5123
0.3370
1.9280
0.6965
1.1970
1.4628
1.7416
0.6668
0.9261
0.3338
0.9328
0.9127
0.2556
1.2799
1.7930
0.8549
0.3517
0.5898
0.1175
0.1203
0.0533
1.1009
1.1261
0.6092
1.5090
1.3422
1.8797
0.9703
1.0362
1.5784
1.1423
1.5330
1.8403
0.4206
1.2162
0.9315
1.2334
0.4062
1.3552
0.0346
0.4532
1.8289
1.5369
1.0666
0.1368
0.3992
0.0240
1.9331
1.6644
0.8906
1.9810
1.5886
0.9772
0.2612
0.4245
1.6622
0.6476
1.4775
0.3197
1.4629
0.1074
1.4288
0.2435
1.9681
1.1862
0.5391
0.8640
1.8610
1.0158
0.1282
1.3182
0.8983
0.2943
1.5505
1.0625
0.1758
1.8009
1.7363
0.1126
1.2801
1.7785
0.6954
1.3334
0.9089
0.8938
0.0341
1.7228
1.8756
0.9575
1.1397
1.9856
0.8083
0.4397
1.7330
1.3780
0.3429
0.0180
0.3382
0.4128
1.8032
1.4183
0.2639
0.8504
1.3229
0.6448
1.1949
0.4213
0.3792
0.4166
1.4267
0.5054
0.5400
0.9635
0.4413
0.7093
1.2755
1.4995
0.9848
1.2348
0.6389
0.6050
0.2836
1.6887
0.5763
1.8177
0.2264
1.2277
0.5678
1.0163
1.0778
0.1043
0.8742
0.4375
1.8367
1.3829
0.2319
0.7192
0.6121
0.6045
1.1229
1.5922
0.9399
1.5823
0.8375
1.4791
0.7150
1.8996
1.5003
0.0392
1.5103
1.8236
0.6955
0.1426
1.7102
0.1887
1.0991
1.8311
1.0440
0.1039
0.8818
1.3824
0.5228
1.7918
0.9194
0.4640
0.3919
1.6994
1.4832
1.3244
0.2142
1.6723
0.9098
1.3013
1.8088
0.2214
1.2077
0.0328
0.1824
1.8113
1.0952
1.2884
0.4718
1.2411
0.1580
1.2915
0.3526
1.2378
1.9406
1.3384
0.6636
0.9158
0.0499
1.0462
1.9784
1.4467
0.7939
1.1815
1.1464
1.0153
0.2911
0.5819
1.0023
0.2837
0.8128
1.1862
1.6188
0.9412
1.3482
1.5144
0.3642
1.2393
1.5399
0.8422
0.8780
0.9776
0.4337
1.6658
1.0031
0.2055
0.7287
1.6416
0.2457
1.2987
1.4732
1.4213
0.2107
1.9172
0.8474
1.1202
0.1976
0.9662
0.3072
0.6169
0.2618
0.6870
1.3261
1.0324
1.5933
1.1532
0.1337
0.4970
1.8174
1.7790
1.9796
0.6473
1.9748
1.2277
1.3042
1.2027
1.5956
1.2209
0.7545
0.3493
0.1198
0.3047
0.7668
0.0262
1.9307
0.6364
1.9112
0.0579
0.7944
0.5556
0.7237
1.5609
0.8913
0.1146
0.0960
1.0616
1.5335
1.2293
1.8649
1.5632
1.5098
0.6524
1.0440
1.2912
1.0225
1.3242
0.4626
1.9651
0.1718
0.8254
1.9706
0.9705
1.2237
0.0224
1.5371
1.4831
0.4347
0.7946
0.5251
0.1573
0.4402
0.9700
1.0306
1.6780
0.8263
0.8044
1.9054
0.6702
0.2675
1.3909
1.8455
0.9750
1.0114
0.0093
0.3769
1.5593
1.2217
1.5849
1.6758
1.3747
0.1629
1.6123
0.2696
1.1398
1.1494
0.0322
1.8697
1.2296
1.3371
0.8435
1.4055
0.9414
0.8178
1.9773
0.9705
0.2345
1.7162
0.6840
0.6328
0.7551
1.7398
1.0629
0.0503
0.4967
1.4474
0.8648
0.5229
0.3788
0.4290
0.9898
0.0660
0.7452
0.7134
0.5494
0.5288
1.4890
0.2634
1.6062
0.6088
0.6857
1.3187
0.0779
1.5443
1.3802
1.8545
0.1240
1.3749
1.4514
1.6931
1.1076
1.6848
0.0978
1.5176
1.3520
1.7489
0.6619
1.0370
0.9079
0.3590
1.6948
0.0929
1.0472
0.4654
1.8065
1.0825
0.1974
1.7142
0.0855
0.2841
0.4350
1.5549
0.7152
0.0506
1.6676
0.7264
1.5771
1.7593
1.3530
1.0905
1.7978
0.1990
0.1819
0.0685
0.6483
0.3321
1.9962
0.8310
1.5087
1.3866
1.5413
1.8245
0.6214
0.4094
0.1458
1.1744
1.0850
1.2882
1.1960
0.9000
0.3251
1.5298
1.9666
0.2863
1.6554
1.7623
0.1409
0.9557
1.4775
1.4675
1.6325
1.0670
1.1217
0.6931
1.1015
0.0422
1.4735
1.6679
1.6726
0.0662
1.8243
0.1899
1.7018
1.0444
0.0327
0.2584
1.1863
1.4436
0.0741
0.3523
0.4649
1.4300
1.5412
1.1788
1.7459
0.9080
1.9679
0.5199
1.3813
1.1935
0.5587
0.5584
1.3675
1.6226
0.1525
0.7387
1.6125
1.9167
1.9875
0.8511
0.8663
0.6769
0.9093
1.5400
1.5114
1.9848
0.4061
0.7508
1.4173
0.3270
0.6479
1.6180
0.4379
0.6568
0.9240
0.7047
0.1471
1.0104
0.5484
1.1353
0.0550
1.2274
0.8472
1.2906
0.6122
0.5816
0.8610
1.1005
0.2449
0.2609
0.4576
0.2138
0.1861
0.3771
1.3670
1.0830
1.0428
1.8836
1.2750
1.4371
0.8489
0.4967
1.8720
1.6043
1.5233
0.1235
1.8133
1.3113
1.8959
1.0905
0.6106
0.1770
0.8431
0.7351
1.7051
1.9678
0.1077
0.7143
1.9981
0.8300
0.7613
0.2092
1.1792
0.2926
0.7532
1.8727
1.4007
0.4859
1.4842
0.6533
0.7399
0.9856
0.4012
0.5751
0.5852
0.8597
0.9562
1.8638
1.6725
0.5800
1.9162
1.4461
1.7296
1.0465
0.1055
1.9200
1.3444
0.1309
1.9583
0.5897
1.8998
0.3468
0.0018
1.7569
1.7011
0.6728
0.1967
1.2562
0.8008
1.8561
1.7612
1.2382
1.7879
0.4181
0.5166
0.0082
0.1809
1.1916
0.5986
1.5509
1.2848
0.3591
0.5667
0.2717
1.1270
0.2885
1.7121
0.0608
1.7006
0.4656
1.5099
0.1128
1.4153
0.3682
1.9892
1.0334
1.0763
0.5430
0.7565
1.0243
1.0308
0.9379
0.3083
0.4303
1.2903
1.2123
0.3647
1.7354
1.0554
1.9491
0.5710
1.8982
1.2152
1.5530
0.1270
1.1823
1.7995
1.0196
1.0657
1.5972
1.3102
0.9261
1.1146
1.4861
1.0286
0.2416
0.5362
1.8497
1.1788
1.0784
1.8745
0.5113
1.8238
1.1142
1.4774
1.3686
0.2794
1.9470
0.8491
0.1524
0.2159
1.9445
1.1407
0.9676
1.2900
0.4364
1.3898
0.4915
1.2672
1.9203
1.4528
1.9393
1.5243
1.0502
0.8936
1.2767
0.6143
0.8868
1.3305
1.6446
0.6380
1.3141
1.0108
0.3149
0.6102
0.2102
1.7412
1.3579
1.6538
1.8921
1.2612
1.0268
1.1120
1.9749
1.2538
1.7040
0.9805
0.0399
0.4877
1.1002
0.2031
0.9486
0.3491
0.6508
0.2208
0.8565
1.4380
1.5352
1.8544
1.5139
0.6650
1.7611
1.0512
0.5347
0.3364
0.0900
0.3415
1.8516
0.2172
1.6683
0.3036
1.7118
1.1971
0.3955
1.5951
1.5748
0.1912
0.3429
1.2056
0.6502
0.5346
1.5786
1.2332
1.3729
1.3949
1.8640
0.2404
1.2138
0.9797
1.0594
0.4437
1.4964
0.5163
0.3982
1.7430
0.0544
0.0727
0.8760
0.1314
1.9588
1.2578
1.3127
0.6558
0.9510
0.0325
0.4001
1.7170
0.1351
0.6215
1.6532
1.2237
1.8292
1.7682
0.4906
1.9164
0.9046
1.7771
0.9297
1.1704
0.0234
1.4569
0.8306
0.2373
1.1925
0.0094
1.8789
1.3828
0.5436
1.5075
1.3167
0.5674
1.0712
0.1204
1.3549
1.8458
0.9333
0.7376
1.8348
0.0231
1.8585
1.3868
1.6425
1.7155
0.2212
1.4100
1.1033
1.0413
0.6275
0.3228
0.6395
1.3421
1.0479
1.2156
1.5206
0.3277
0.9887
1.5294
0.6016
1.6777
1.3596
0.6569
1.0765
1.6756
0.4860
0.0390
1.2150
1.0776
0.4527
1.8399
1.8720
0.9773
1.3953
1.0332
0.5705
0.0189
0.5859
1.3330
0.3102
0.4512
1.7552
1.2115
1.2936
0.1384
0.4371
1.5600
1.2582
0.1412
1.3144
1.0393
1.8951
0.0417
1.4574
0.7970
1.3745
0.1462
1.5161
0.1014
1.2848
1.0015
1.0602
1.4765
0.5491
0.4761
1.5199
1.9202
0.3324
0.7572
0.1936
1.8691
1.6058
1.4604
1.5894
1.1471
0.7234
0.3227
1.7727
1.8040
1.5172
0.7236
0.9924
1.3174
0.5779
0.2861
0.6163
0.6949
0.2791
0.4325
1.1116
0.1024
0.8347
1.4232
1.7585
1.2030
0.9299
1.6308
0.6442
0.7528
0.2760
1.3072
0.0510
0.4674
1.9576
1.8860
1.9621
0.1339
0.3905
0.8468
1.0742
0.9266
1.2518
1.0051
1.5836
1.4207
1.1388
0.3142
1.2512
1.8517
1.9664
1.4463
0.3751
1.7203
0.2581
1.4869
0.0958
1.2994
0.1191
1.8395
0.3434
0.1761
0.6091
1.3432
0.4089
1.9496
0.0791
0.9836
1.2819
0.8100
0.1142
1.2607
0.4292
1.2594
0.7891
1.5922
1.7581
1.5602
1.4050
0.8413
1.2877
0.1566
0.7615
0.8754
0.8139
0.5476
0.4627
1.4758
1.7588
1.5450
0.0717
1.1086
1.1763
0.4924
0.7968
1.6136
0.6037
0.9793
1.5626
0.9000
1.6665
1.3533
0.1733
1.9614
1.1329
0.4154
0.1912
0.1250
0.0516
0.6683
1.1136
1.6919
1.2535
1.1997
0.4213
0.5078
1.3039
0.6578
1.0463
0.2494
0.9054
1.9852
0.7985
0.1238
0.5859
1.1045
1.4803
0.6368
0.9877
1.2573
1.5063
1.3878
0.2738
1.8139
0.7578
1.0592
1.9772
1.9164
1.6353
0.8478
1.6360
0.8890
0.7605
1.4145
0.4778
0.3515
0.4763
0.5672
0.0813
1.1028
1.8850
1.5757
0.4829
1.3920
0.0305
1.5371
0.6638
0.6447
1.5309
0.7683
0.4373
1.1266
0.4413
0.3253
0.7993
0.0408
0.8465
0.0065
0.0897
0.3782
0.4027
1.2007
0.4634
1.1331
1.1015
0.6760
1.9798
0.2967
1.7026
1.5744
1.0486
0.0377
0.5269
1.9972
1.4211
0.4362
1.2832
0.2421
1.1134
1.5759
0.8290
0.1673
1.1742
1.2785
0.2503
1.7305
0.9756
0.5520
0.6229
1.3331
1.0002
0.8883
0.6512
1.1318
0.0304
1.1057
1.8716
0.9635
0.6570
1.6062
0.2869
0.1572
0.8908
0.9310
1.4734
1.3981
1.0662
0.4126
0.3139
0.8045
0.8752
1.9501
1.8535
0.6161
1.7252
1.1205
1.0883
1.6846
1.5759
1.0727
0.0037
0.7403
0.8722
1.2664
0.2936
1.1307
0.8062
0.1080
0.2720
0.7810
0.9151
0.6638
1.7147
1.2143
0.3942
0.2870
1.5348
1.3054
0.6846
0.1132
0.8407
0.9217
1.0710
1.6568
1.9967
0.7648
0.3802
1.9848
1.3599
1.8698
1.2728
1.2974
0.7652
0.0557
1.1861
1.4626
1.3062
0.1239
0.3061
1.5113
0.9917
0.7687
0.5766
0.3727
1.8947
0.7961
0.2783
1.0827
0.0610
1.0969
0.7932
1.5219
0.3256
0.9362
1.1873
0.1707
0.9943
1.5538
0.2676
1.4004
1.6615
1.0263
0.0096
0.7134
1.9460
0.2893
1.5495
0.7220
0.5632
1.0868
0.8145
1.8406
0.7138
0.2250
0.5102
0.3114
1.6262
1.2593
1.3187
1.3282
1.0946
0.5719
0.1946
1.6624
0.6300
1.1976
0.9375
1.3164
0.5220
0.5691
1.3821
1.9470
0.5651
1.7080
1.8027
1.6755
1.5046
0.5183
1.8943
1.6943
1.6847
1.5543
0.9475
1.7023
1.8584
0.0485
1.4582
0.9326
1.1824
1.9690
1.6940
1.9534
0.6897
0.5547
0.6328
0.6730
1.0962
0.5704
1.8317
1.3414
1.5710
0.3660
0.2818
0.1115
1.2367
1.1799
0.7501
0.0452
0.3185
1.0135
1.5743
1.5241
1.8686
1.5904
0.9085
0.6888
0.2657
1.1225
0.4152
0.2360
1.5353
0.9145
1.4517
0.2135
0.8783
1.1148
1.7112
1.8239
0.7027
0.7447
0.2045
1.3152
0.4376
1.7329
0.7868
0.9078
0.3635
0.1349
1.5691
1.6037
0.9268
1.7048
1.2513
0.3610
0.0601
0.2596
0.6312
1.4631
1.5460
0.2971
1.5916
0.3307
1.4342
0.1571
0.7877
1.6317
1.0600
1.8947
0.6334
1.1563
0.3805
0.7845
1.9975
0.6874
1.8171
1.3953
0.0595
0.9626
1.3538
0.8050
0.3082
1.1223
1.8987
1.9186
1.9799
1.6720
1.3082
1.7383
1.7275
1.5238
0.3305
0.1589
1.0178
0.1861
0.8757
0.6239
0.7583
1.9912
1.7390
1.8958
0.5086
0.0970
1.6637
1.3775
1.1920
0.4295
1.0703
0.1115
0.8621
0.3815
0.6556
1.8753
1.6947
0.5140
0.7544
1.4670
1.5644
0.0233
0.4434
0.1341
1.4113
1.7519
0.5550
1.3856
0.2780
0.7495
1.6718
1.3915
1.3898
1.7067
0.5892
1.3019
0.5973
1.8894
1.5616
1.6500
1.4724
1.5873
0.8103
0.2612
0.3191
1.6333
0.0611
1.0880
1.6470
1.8968
0.9205
0.1390
1.0448
0.3917
0.5974
1.9514
0.3306
1.5547
0.6828
0.9482
0.2005
0.1204
1.7234
0.1417
1.7656
0.7877
0.8801
0.7015
0.0647
1.4511
0.7070
1.2821
1.5432
1.3542
0.9717
1.6243
0.1520
0.0567
0.8670
0.2870
1.6161
0.0035
0.1924
0.8434
0.4702
1.9126
0.7430
0.9826
0.5350
1.1526
1.0401
1.9577
1.3215
1.6925
0.1743
0.8458
0.0828
1.2043
1.4629
1.3653
0.1221
1.3530
0.6142
0.6966
1.4530
0.2142
0.5050
0.8779
1.1744
0.6140
0.8709
0.6207
1.8319
1.3168
0.3538
1.2902
0.0706
1.5652
0.0036
0.7690
1.3449
0.0790
0.8695
0.3488
1.1664
0.3821
0.7673
1.7644
0.0037
1.3604
0.5650
1.6428
0.5882
0.7802
1.9022
1.6705
1.7804
1.8652
0.2587
0.6966
1.4272
1.2503
1.6672
0.4410
0.6386
0.4388
0.0561
1.3604
0.5723
0.0616
0.5689
0.2264
0.1432
1.1620
0.0219
1.6870
0.1321
0.9682
0.3248
0.8439
1.7261
1.3128
1.9249
0.7915
0.8239
1.5585
1.8041
1.3386
0.3428
0.6396
0.5424
0.4616
1.4050
0.6189
1.9477
1.7249
1.2395
1.7589
0.6142
1.2524
1.2680
0.6024
1.1659
0.2154
1.5968
1.7503
1.2953
0.1101
1.8771
0.1159
0.4983
0.7502
0.8271
0.3304
1.8839
0.2561
1.5108
1.2803
0.6132
0.2314
1.9111
1.6483
0.3044
0.7858
0.9255
1.4756
1.7513
1.9477
1.4478
1.2458
1.6842
0.7561
1.7974
1.5775
1.8176
0.8428
0.1412
1.8150
1.2255
1.5007
1.1608
1.9890
0.3317
1.4176
0.3334
0.1587
